<?xml version="1.0" encoding="UTF-8" standalone="no"?>
<data>
  <model>
    <title>AkbarPrune</title>
    <radius>453.97754</radius>
    <view>1.0, 0.0, 0.0, 270.0</view>
    <center>79.15475, -8.718664, 4.6398587</center>
    <packagepath>akbarprune</packagepath>
    <cloud>
      <transformmatrix>1.0, 0.0, 0.0, 0.0, 0.0, 1.0, 0.0, 0.0, 0.0, 0.0, 1.0, 0.0, 0.0, 0.0, 0.0, 1.0</transformmatrix>
      <pointscale>1.0</pointscale>
      <numbercolorpoints>1755</numbercolorpoints>
      <colorpoints>AkbarPrunePoints-0.dat</colorpoints>
    </cloud>
    <cloud>
      <transformmatrix>0.999778, 0.02105, 0.0, 0.0, -0.02105, 0.999778, 0.0, 0.0, 0.0, 0.0, 1.0, 0.0, -171.55522, 72.23431, -0.658237, 1.0</transformmatrix>
      <pointscale>1.0</pointscale>
      <numbercolorpoints>2334</numbercolorpoints>
      <colorpoints>AkbarPrunePoints-1.dat</colorpoints>
    </cloud>
    <cloud>
      <transformmatrix>0.533973, 0.845501, 0.0, 0.0, -0.845501, 0.533973, 0.0, 0.0, 0.0, 0.0, 1.0, 0.0, -85.7341, 20.12835, -0.068079, 1.0</transformmatrix>
      <pointscale>1.0</pointscale>
      <numbercolorpoints>3843</numbercolorpoints>
      <colorpoints>AkbarPrunePoints-2.dat</colorpoints>
    </cloud>
    <cloud>
      <transformmatrix>-0.626864, 0.779129, 0.0, 0.0, -0.779129, -0.626864, 0.0, 0.0, 0.0, 0.0, 1.0, 0.0, -25.544281, -48.43352, -1.263355, 1.0</transformmatrix>
      <pointscale>1.0</pointscale>
      <numbercolorpoints>1834</numbercolorpoints>
      <colorpoints>AkbarPrunePoints-3.dat</colorpoints>
    </cloud>
    <cloud>
      <transformmatrix>-0.875111, 0.483922, 0.0, 0.0, -0.483922, -0.875111, 0.0, 0.0, 0.0, 0.0, 1.0, 0.0, -16.101933, -82.154495, 8.253736, 1.0</transformmatrix>
      <pointscale>1.0</pointscale>
      <numbercolorpoints>3265</numbercolorpoints>
      <colorpoints>AkbarPrunePoints-4.dat</colorpoints>
    </cloud>
    <cloud>
      <transformmatrix>0.787389, 0.616457, 0.0, 0.0, -0.616457, 0.787389, 0.0, 0.0, 0.0, 0.0, 1.0, 0.0, -13.216254, -111.60662, -1.128686, 1.0</transformmatrix>
      <pointscale>1.0</pointscale>
      <numbercolorpoints>1932</numbercolorpoints>
      <colorpoints>AkbarPrunePoints-5.dat</colorpoints>
    </cloud>
    <cloud>
      <transformmatrix>0.463058, -0.886328, 0.0, 0.0, 0.886328, 0.463058, 0.0, 0.0, 0.0, 0.0, 1.0, 0.0, 34.202248, -140.30232, -1.536168, 1.0</transformmatrix>
      <pointscale>1.0</pointscale>
      <numbercolorpoints>2127</numbercolorpoints>
      <colorpoints>AkbarPrunePoints-6.dat</colorpoints>
    </cloud>
    <cloud>
      <transformmatrix>0.518565, -0.855038, 0.0, 0.0, 0.855038, 0.518565, 0.0, 0.0, 0.0, 0.0, 1.0, 0.0, 273.77878, -197.8275, -1.930772, 1.0</transformmatrix>
      <pointscale>1.0</pointscale>
      <numbercolorpoints>2679</numbercolorpoints>
      <colorpoints>AkbarPrunePoints-7.dat</colorpoints>
    </cloud>
    <cloud>
      <transformmatrix>-0.532342, -0.846529, 0.0, 0.0, 0.846529, -0.532342, 0.0, 0.0, 0.0, 0.0, 1.0, 0.0, 186.36214, -145.2656, -1.40706, 1.0</transformmatrix>
      <pointscale>1.0</pointscale>
      <numbercolorpoints>1517</numbercolorpoints>
      <colorpoints>AkbarPrunePoints-8.dat</colorpoints>
    </cloud>
    <cloud>
      <transformmatrix>0.991008, -0.133802, 0.0, 0.0, 0.133802, 0.991008, 0.0, 0.0, 0.0, 0.0, 1.0, 0.0, 126.693756, -65.10368, -1.57591, 1.0</transformmatrix>
      <pointscale>1.0</pointscale>
      <numbercolorpoints>2063</numbercolorpoints>
      <colorpoints>AkbarPrunePoints-9.dat</colorpoints>
    </cloud>
    <cloud>
      <transformmatrix>-0.902613, -0.430454, 0.0, 0.0, 0.430454, -0.902613, 0.0, 0.0, 0.0, 0.0, 1.0, 0.0, 82.36126, -19.570093, 15.663786, 1.0</transformmatrix>
      <pointscale>1.0</pointscale>
      <numbercolorpoints>6839</numbercolorpoints>
      <colorpoints>AkbarPrunePoints-10.dat</colorpoints>
    </cloud>
    <cloud>
      <transformmatrix>-0.905154, -0.425084, 0.0, 0.0, 0.425084, -0.905154, 0.0, 0.0, 0.0, 0.0, 1.0, 0.0, 223.96118, 224.80005, -2.797885, 1.0</transformmatrix>
      <pointscale>1.0</pointscale>
      <numbercolorpoints>3768</numbercolorpoints>
      <colorpoints>AkbarPrunePoints-11.dat</colorpoints>
    </cloud>
    <cloud>
      <transformmatrix>0.794275, -0.607558, 0.0, 0.0, 0.607558, 0.794275, 0.0, 0.0, 0.0, 0.0, 1.0, 0.0, 238.75339, 249.75594, -3.160186, 1.0</transformmatrix>
      <pointscale>1.0</pointscale>
      <numbercolorpoints>2000</numbercolorpoints>
      <colorpoints>AkbarPrunePoints-12.dat</colorpoints>
    </cloud>
    <cloud>
      <transformmatrix>0.050947, 0.998701, 0.0, 0.0, -0.998701, 0.050947, 0.0, 0.0, 0.0, 0.0, 1.0, 0.0, 248.89302, 266.13654, -4.497428, 1.0</transformmatrix>
      <pointscale>1.0</pointscale>
      <numbercolorpoints>507</numbercolorpoints>
      <colorpoints>AkbarPrunePoints-13.dat</colorpoints>
    </cloud>
    <cloud>
      <transformmatrix>-0.086923, 0.996215, 0.0, 0.0, -0.996215, -0.086923, 0.0, 0.0, 0.0, 0.0, 1.0, 0.0, 180.75012, 153.47154, -3.619003, 1.0</transformmatrix>
      <pointscale>1.0</pointscale>
      <numbercolorpoints>1927</numbercolorpoints>
      <colorpoints>AkbarPrunePoints-14.dat</colorpoints>
    </cloud>
    <cloud>
      <transformmatrix>-0.509819, -0.860282, 0.0, 0.0, 0.860282, -0.509819, 0.0, 0.0, 0.0, 0.0, 1.0, 0.0, 49.486366, -62.23119, 23.811043, 1.0</transformmatrix>
      <pointscale>1.0</pointscale>
      <numbercolorpoints>4263</numbercolorpoints>
      <colorpoints>AkbarPrunePoints-15.dat</colorpoints>
    </cloud>
    <cloud>
      <transformmatrix>0.740334, -0.672239, 0.0, 0.0, 0.672239, 0.740334, 0.0, 0.0, 0.0, 0.0, 1.0, 0.0, 65.06542, 15.830243, -1.521956, 1.0</transformmatrix>
      <pointscale>1.0</pointscale>
      <numbercolorpoints>580</numbercolorpoints>
      <colorpoints>AkbarPrunePoints-16.dat</colorpoints>
    </cloud>
    <cloud>
      <transformmatrix>0.299199, -0.954191, 0.0, 0.0, 0.954191, 0.299199, 0.0, 0.0, 0.0, 0.0, 1.0, 0.0, 62.32825, -130.18977, 7.78806, 1.0</transformmatrix>
      <pointscale>1.0</pointscale>
      <numbercolorpoints>3097</numbercolorpoints>
      <colorpoints>AkbarPrunePoints-17.dat</colorpoints>
    </cloud>
    <cloud>
      <transformmatrix>0.302814, -0.95305, 0.0, 0.0, 0.95305, 0.302814, 0.0, 0.0, 0.0, 0.0, 1.0, 0.0, 98.87055, -124.74658, -1.449869, 1.0</transformmatrix>
      <pointscale>1.0</pointscale>
      <numbercolorpoints>2227</numbercolorpoints>
      <colorpoints>AkbarPrunePoints-18.dat</colorpoints>
    </cloud>
    <cloud>
      <transformmatrix>-0.835903, -0.548877, 0.0, 0.0, 0.548877, -0.835903, 0.0, 0.0, 0.0, 0.0, 1.0, 0.0, 111.851166, -41.5007, 7.715678, 1.0</transformmatrix>
      <pointscale>1.0</pointscale>
      <numbercolorpoints>1660</numbercolorpoints>
      <colorpoints>AkbarPrunePoints-19.dat</colorpoints>
    </cloud>
    <cloud>
      <transformmatrix>0.018924, 0.999821, 0.0, 0.0, -0.999821, 0.018924, 0.0, 0.0, 0.0, 0.0, 1.0, 0.0, 111.65431, -12.721027, -1.536415, 1.0</transformmatrix>
      <pointscale>1.0</pointscale>
      <numbercolorpoints>2720</numbercolorpoints>
      <colorpoints>AkbarPrunePoints-20.dat</colorpoints>
    </cloud>
    <cloud>
      <transformmatrix>0.99902, -0.044258, 0.0, 0.0, 0.044258, 0.99902, 0.0, 0.0, 0.0, 0.0, 1.0, 0.0, 115.30063, 45.760426, -2.01432, 1.0</transformmatrix>
      <pointscale>1.0</pointscale>
      <numbercolorpoints>4794</numbercolorpoints>
      <colorpoints>AkbarPrunePoints-21.dat</colorpoints>
    </cloud>
    <cloud>
      <transformmatrix>-0.799947, 0.600071, 0.0, 0.0, -0.600071, -0.799947, 0.0, 0.0, 0.0, 0.0, 1.0, 0.0, 142.24416, 89.75173, -1.675829, 1.0</transformmatrix>
      <pointscale>1.0</pointscale>
      <numbercolorpoints>1928</numbercolorpoints>
      <colorpoints>AkbarPrunePoints-22.dat</colorpoints>
    </cloud>
  </model>
</data>
